1,116
2,483
3,-545
4,702
5,-142
6,882
7,985
8,489
9,-845
10,-3
11,-102
12,254
13,-15
14,-424
15,831
16,251
17,-143
18,-560
19,865
20,-785
21,-624
22,-874
23,12
24,577
25,-188
26,218
27,-514
28,159
29,-213
30,-527
31,-348
32,4
33,312
34,934
35,395
36,152
37,-669
38,-113
39,-889
40,-878
41,959
42,521
43,-13
44,-358
45,995
46,704
47,-8
48,184
49,-536
50,120
51,100
52,968
53,575
54,-265
55,-830
56,-226
57,330
58,-244
59,-501
60,-590
61,465
62,175
63,364
64,-756
65,934
66,10
67,-143
68,760
69,284
70,304
71,139
72,991
73,792
74,12
75,-811
76,-778
77,-154
78,627
79,71
80,948
81,907
82,-722
83,474
84,199
85,-344
86,-767
87,436
88,652
89,-925
90,-781
91,596
92,-446
93,-984
94,-421
95,367
96,360
97,-123
98,-286
99,99
100,-33
101,-804
102,-129
103,530
104,-289
105,-433
106,-64
107,295
108,973
109,-962
110,-748
111,463
112,-221
113,553
114,-550
115,433
116,228
117,637
118,-283
119,-861
120,-423
121,20
122,-80
123,566
124,-245
125,-194
126,-853
127,-598
128,822
129,701
130,313
131,120
132,-884
133,128
134,120
135,420
136,-656
137,-147
138,962
139,820
140,-387
141,539
142,-827
143,844
144,-391
145,525
146,-995
147,845
148,991
149,-165
150,819
151,-560
152,738
153,-573
154,839
155,537
156,712
157,266
158,724
159,-939
160,53
161,-359
162,-236
163,-629
164,239
165,313
166,-621
167,-588
168,-726
169,-427
170,-244
171,804
172,-586
173,78
174,-245
175,-96
176,-876
177,-208
178,-606
179,158
180,415
181,-520
182,-741
183,828
184,243
185,-865
186,133
187,87
188,618
189,661
190,-60
191,731
192,-150
193,-993
194,-641
195,-820
196,-633
197,422
198,128
199,155
200,-897
201,431
202,165
203,947
204,987
205,205
206,611
207,-925
208,237
209,-33
210,-234
211,31
212,-961
213,-627
214,398
215,694
216,-634
217,527
218,-446
219,396
220,-918
221,-818
222,754
223,-540
224,444
225,-439
226,-115
227,-10
228,149
229,-726
230,111
231,371
232,-671
233,-382
234,-16
235,-987
236,121
237,386
238,564
239,845
240,-79
241,142
242,567
243,-6
244,427
245,325
246,-825
247,-503
248,-841
249,823
250,-678
251,800
252,384
253,865
254,519
255,-166
256,332
257,-970
258,72
259,254
260,-764
261,547
262,-805
263,-121
264,978
265,-187
266,417
267,73
268,-807
269,-337
270,-822
271,247
272,-715
273,-606
274,876
275,-533
276,435
277,-134
278,582
279,612
280,539
281,611
282,-867
283,-914
284,-741
285,410
286,494
287,-725
288,925
289,799
290,297
291,620
292,260
293,-697
294,124
295,-464
296,312
297,359
298,34
299,-684
300,347
301,-707
302,463
303,-39
304,462
305,-727
306,742
307,316
308,802
309,273
310,646
311,-888
312,-710
313,812
314,-210
315,-617
316,-955
317,-248
318,-762
319,167
320,-528
321,33
322,96
323,5
324,-202
325,-234
326,153
327,983
328,-663
329,189
330,446
331,-834
332,410
333,-537
334,-734
335,467
336,-461
337,-998
338,429
339,-269
340,-39
341,429
342,300
343,-420
344,-290
345,-406
346,-695
347,624
348,-786
349,443
350,-236
351,270
352,317
353,235
354,-621
355,-985
356,214
357,962
358,-647
359,-394
360,-140
361,645
362,862
363,855
364,235
365,-956
366,876
367,179
368,457
369,-740
370,836
371,-243
372,-830
373,-998
374,940
375,-316
376,294
377,-314
378,842
379,240
380,-746
381,303
382,-79
383,635
384,-544
385,609
386,-548
387,489
388,-645
389,993
390,629
391,-603
392,645
393,-644
394,-40
395,145
396,-708
397,-974
398,-1000
399,282
400,18
401,-672
402,-635
403,373
404,674
405,-702
406,828
407,-204
408,544
409,343
410,-466
411,-594
412,-805
413,698
414,-462
415,33
416,912
417,-955
418,-964
419,-264
420,-108
421,802
422,385
423,574
424,916
425,837
426,-579
427,716
428,13
429,-196
430,757
431,-969
432,-316
433,814
434,710
435,897
436,731
437,521
438,-429
439,-698
440,-962
441,-924
442,-720
443,-233
444,-385
445,-813
446,826
447,-497
448,-396
449,-877
450,83
451,391
452,431
453,147
454,-143
455,645
456,-621
457,291
458,795
459,-115
460,-661
461,-179
462,883
463,958
464,10
465,305
466,363
467,-289
468,-719
469,690
470,-615
471,-732
472,2
473,606
474,452
475,133
476,-813
477,481
478,926
479,646
480,-667
481,282
482,296
483,-627
484,758
485,115
486,-91
487,179
488,41
489,879
490,124
491,-214
492,790
493,643
494,195
495,609
496,929
497,-971
498,-894
499,69
500,619
501,675
502,-790
503,-686
504,745
505,-876
506,900
507,-494
508,-389
509,449
510,-713
511,90
512,578
513,63
514,105
515,690
516,47
517,-945
518,-350
519,794
520,979
521,425
522,180
523,-950
524,-650
525,435
526,-889
527,-61
528,50
529,858
530,526
531,-807
532,-53
533,68
534,710
535,912
536,-678
537,651
538,-236
539,941
540,-586
541,-945
542,-629
543,774
544,-724
545,674
546,-545
547,-521
548,-696
549,-844
550,-321
551,948
552,-309
553,619
554,921
555,722
556,145
557,331
558,356
559,-675
560,705
561,-476
562,-664
563,274
564,111
565,311
566,827
567,27
568,534
569,941
570,664
571,-76
572,191
573,-359
574,429
575,898
576,238
577,55
578,-69
579,308
580,317
581,54
582,-643
583,259
584,-553
585,-10
586,-197
587,441
588,-805
589,498
590,344
591,924
592,550
593,749
594,353
595,-122
596,-797
597,-494
598,-156
599,956
600,-933
601,-373
602,-536
603,447
604,781
605,719
606,-719
607,973
608,649
609,-550
610,641
611,775
612,-895
613,-557
614,783
615,285
616,-417
617,26
618,582
619,42
620,-369
621,-905
622,-572
623,-733
624,-992
625,150
626,958
627,111
628,550
629,-18
630,-687
631,236
632,990
633,837
634,425
635,-409
636,-608
637,296
638,-520
639,-435
640,65
641,-818
642,-10
643,647
644,-229
645,14
646,345
647,171
648,575
649,984
650,-939
651,-898
652,847
653,202
654,139
655,615
656,683
657,250
658,886
659,274
660,-433
661,-580
662,959
663,-605
664,858
665,-21
666,-780
667,632
668,-469
669,223
670,257
671,-376
672,802
673,459
674,634
675,-189
676,-577
677,984
678,-443
679,757
680,-305
681,-437
682,-8
683,-397
684,-456
685,-900
686,-903
687,-88
688,366
689,765
690,181
691,-219
692,570
693,237
694,-571
695,720
696,889
697,534
698,903
699,603
700,-395
701,904
702,-910
703,777
704,543
705,-723
706,-850
707,-75
708,-45
709,-918
710,198
711,598
712,601
713,-126
714,537
715,-711
716,615
717,-15
718,903
719,-34
720,-775
721,-683
722,209
723,464
724,-885
725,446
726,-878
727,283
728,8
729,-201
730,-874
731,-336
732,-836
733,332
734,353
735,-635
736,-424
737,262
738,85
739,322
740,284
741,485
742,-626
743,442
744,-26
745,11
746,862
747,339
748,495
749,-15
750,834
751,102
752,-208
753,-56
754,110
755,109
756,-414
757,-844
758,708
759,248
760,-941
761,348
762,360
763,539
764,-120
765,-589
766,864
767,667
768,-517
769,363
770,-337
771,580
772,685
773,825
774,638
775,-59
776,-107
777,-463
778,-305
779,-568
780,-804
781,-309
782,927
783,805
784,-544
785,-480
786,739
787,900
788,296
789,-214
790,59
791,101
792,152
793,-439
794,886
795,790
796,612
797,-572
798,0
799,-95
800,724
801,886
802,-39
803,639
804,-396
805,580
806,646
807,-107
808,-537
809,399
810,780
811,242
812,-973
813,85
814,-717
815,592
816,-361
817,555
818,-994
819,-470
820,93
821,62
822,456
823,450
824,121
825,453
826,908
827,-632
828,-800
829,720
830,-170
831,480
832,987
833,-753
834,8
835,167
836,-43
837,-994
838,557
839,675
840,-661
841,-41
842,596
843,494
844,-913
845,-413
846,-688
847,-909
848,-65
849,-464
850,-6
851,-221
852,-965
853,-11
854,287
855,643
856,-980
857,-6
858,-723
859,-537
860,557
861,107
862,506
863,631
864,-411
865,-725
866,-705
867,225
868,-886
869,-771
870,-561
871,580
872,-561
873,-914
874,137
875,692
876,417
877,0
878,-441
879,-912
880,574
881,293
882,-457
883,-471
884,349
885,646
886,152
887,77
888,-685
889,579
890,-237
891,-655
892,463
893,-425
894,448
895,888
896,-58
897,824
898,98
899,-796
900,170
901,-260
902,-279
903,872
904,-939
905,-370
906,-146
907,-95
908,864
909,872
910,-949
911,940
912,-658
913,-183
914,411
915,142
916,317
917,18
918,39
919,-878
920,540
921,334
922,-982
923,-500
924,784
925,852
926,17
927,873
928,-101
929,272
930,120
931,-810
932,-673
933,419
934,-326
935,-63
936,591
937,-489
938,609
939,-930
940,-955
941,-329
942,693
943,590
944,625
945,-698
946,338
947,284
948,-224
949,405
950,-20
951,-531
952,-591
953,-946
954,-922
955,-952
956,194
957,762
958,935
959,-212
960,194
961,38
962,617
963,-415
964,776
965,539
966,566
967,350
968,658
969,-108
970,-271
971,-496
972,-106
973,760
974,-27
975,836
976,253
977,17
978,-957
979,812
980,-51
981,-113
982,-555
983,956
984,791
985,-588
986,470
987,301
988,-352
989,-914
990,-369
991,-874
992,242
993,124
994,-103
995,346
996,235
997,238
998,614
999,135
1000,-683
